0.00 0.02
0.01 0.03
0.02 0.04
0.03 0.05
0.04 0.03
0.05 0.02
0.06 0.04
0.07 0.03
0.08 0.05
0.09 0.04
0.10 0.03
0.11 0.04
0.12 0.05
0.13 0.03
0.14 0.04
0.15 0.05
0.16 0.04
0.17 0.03
0.18 0.04
0.19 0.05
0.20 0.04
0.21 0.03
0.22 0.05
0.23 0.04
0.24 0.03
0.25 0.06
0.26 0.05
0.27 0.04
0.28 0.07
0.29 0.05
0.30 0.04
0.31 0.03
0.32 0.05
0.33 0.07
0.34 0.06
0.35 0.05
0.36 0.04
0.37 0.03
0.38 0.06
0.39 0.05
0.40 0.04
0.41 0.03
0.42 0.02
0.43 0.05
0.44 0.07
0.45 0.06
0.46 0.05
0.47 0.04
0.48 0.03
0.49 0.02
0.50 1.20
0.51 0.50
0.52 0.20
0.53 0.10
0.54 0.06
0.55 0.05
0.56 0.04
0.57 0.03
0.58 0.04
0.59 0.05
0.60 0.04
0.61 0.03
0.62 0.02
0.63 0.05
0.64 0.06
0.65 0.05
0.66 0.04
0.67 0.03
0.68 0.04
0.69 0.05
0.70 0.04
0.71 0.03
0.72 0.05
0.73 0.06
0.74 0.05
0.75 0.04
0.76 0.03
0.77 0.02
0.78 0.04
0.79 0.05
0.80 0.04
0.81 0.03
0.82 0.05
0.83 0.06
0.84 0.05
0.85 0.04
0.86 0.03
0.87 0.02
0.88 0.04
0.89 0.03
0.90 0.04
0.91 0.05
0.92 0.04
0.93 0.03
0.94 0.04
0.95 0.05
0.96 0.04
0.97 0.03
0.98 0.02
0.99 0.03
1.00 0.04
1.01 0.03
1.02 0.04
1.03 0.03
1.04 0.04
1.05 0.05
1.06 0.04
1.07 0.05
1.08 0.06
1.09 0.05
1.10 0.04
1.11 0.03
1.12 0.02
1.13 0.03
1.14 0.04
1.15 0.05
1.16 0.06
1.17 0.08
1.18 0.10
1.19 0.20
1.20 1.18
1.21 0.50
1.22 0.20
1.23 0.10
1.24 0.06
1.25 0.05
1.26 0.04
1.27 0.03
1.28 0.04
1.29 0.05
1.30 0.04
1.31 0.03
1.32 0.02
1.33 0.03
1.34 0.04
1.35 0.05
1.36 0.04
1.37 0.03
1.38 0.04
1.39 0.05
1.40 0.04
1.41 0.03
1.42 0.05
1.43 0.06
1.44 0.05
1.45 0.04
1.46 0.03
1.47 0.02
1.48 0.04
1.49 0.05
1.50 0.04
1.51 0.03
1.52 0.05
1.53 0.06
1.54 0.05
1.55 0.04
1.56 0.03
1.57 0.02
1.58 0.03
1.59 0.04
1.60 0.03
1.61 0.04
1.62 0.05
1.63 0.06
1.64 0.07
1.65 0.08
1.66 0.10
1.67 0.20
1.68 1.22
1.69 0.50
1.70 0.20
1.71 0.10
1.72 0.06
1.73 0.05
1.74 0.04
1.75 0.03
1.76 0.04
1.77 0.05
1.78 0.04
1.79 0.03
1.80 0.02
1.81 0.03
1.82 0.04
1.83 0.05
1.84 0.04
1.85 0.03
1.86 0.02
1.87 0.03
1.88 0.04
1.89 0.03
1.90 0.04
1.91 0.05
1.92 0.04
1.93 0.03
1.94 0.02
1.95 0.03
1.96 0.04
1.97 0.03
1.98 0.04
1.99 0.05
2.00 0.04
